1668114042002.149 
1668114042070.851 
1668114042105.0952 
1668114042139.3357 
1668114042173.4326 
1668114042207.509 
1668114042241.5579 
1668114042275.519 
1668114042309.444 
1668114042343.33 
1668114042377.1597 
1668114042410.9448 
1668114042444.686 
1668114042478.394 
1668114042512.055 
1668114042545.6692 
1668114042579.267 
1668114042612.8171 
1668114042646.3206 
1668114042679.8218 
1668114042713.2756 
1668114042746.684 
1668114042780.0476 
1668114042813.3662 
1668114042847.2612 
1668114042881.1562 
1668114042915.05 
1668114042948.7712 
1668114042982.4775 
1668114043016.1687 
1668114043049.8447 
1668114043083.9006 
1668114043117.9436 
1668114043151.994 
1668114043185.7942 
1668114043219.599 
1668114043253.395 
1668114043287.1824 
1668114043320.9597 
1668114043354.7295 
1668114043388.4907 
1668114043422.243 
1668114043455.9866 
1668114043489.7212 
1668114043523.4473 
1668114043557.1646 
1668114043590.8733 
1668114043624.573 
1668114043658.2642 
1668114043691.9465 
1668114043725.62 
1668114043759.284 
1668114043792.9402 
1668114043826.5874 
1668114043860.226 
1668114043893.856 
1668114043927.477 
1668114043961.0896 
1668114043994.693 
1668114044028.288 
1668114044061.8743 
1668114044095.4517 
1668114044129.0205 
1668114044162.6082 
1668114044195.898 
1668114044229.1648 
1668114044262.4075 
1668114044295.6262 
1668114044328.821 
1668114044361.9917 
1668114044395.1387 
1668114044428.2612 
1668114044461.36 
1668114044494.4348 
1668114044527.4856 
1668114044560.5125 
1668114044593.5151 
1668114044626.494 
1668114044659.4478 
1668114044692.3784 
1668114044725.2852 
1668114044758.168 
1668114044791.0266 
1668114044823.8613 
1668114044856.672 
1668114044889.459 
1668114044922.2217 
1668114044954.9604 
1668114044987.6753 
1668114045020.366 
1668114045053.0327 
1668114045085.6746 
1668114045118.2932 
1668114045150.898 
1668114045183.8804 
1668114045216.8462 
1668114045249.7954 
1668114045282.7275 
1668114045315.643 
1668114045348.5417 
1668114045381.4238 
1668114045414.2888 
1668114045447.1372 
1668114045479.9688 
1668114045545.5806 
1668114045578.3618 
1668114045611.1262 
1668114045643.8738 
1668114045676.6047 
1668114045709.3188 
1668114045742.016 
1668114045774.6965 
1668114045807.3604 
1668114045840.007 
1668114045872.6372 
1668114045905.2507 
1668114045937.8472 
1668114045970.426 
1668114046002.989 
1668114046035.5354 
1668114046068.0647 
1668114046100.5774 
1668114046133.0818 
1668114046166.4543 
1668114046199.827 
1668114046233.8958 
1668114046267.977 
1668114046302.0706 
1668114046336.1763 
1668114046370.2944 
1668114046404.4238 
1668114046438.5667 
1668114046472.7217 
1668114046506.889 
1668114046541.0686 
1668114046575.2605 
1668114046609.4646 
1668114046643.6812 
1668114046677.91 
1668114046712.151 
1668114046780.67 
1668114046814.948 
1668114046849.237 
1668114046883.5398 
1668114046917.8545 
1668114046952.1816 
1668114046986.521 
1668114047020.8728 
1668114047055.2368 
1668114047089.6133 
1668114047124.0017 
1668114047158.4028 
1668114047192.816 
1668114047227.2332 
1668114047260.2153 
1668114047293.1895 
1668114047326.1543 
1668114047359.1118 
1668114047392.0613 
1668114047425.0024 
1668114047457.9355 
1668114047490.8604 
1668114047523.777 
1668114047556.6855 
1668114047589.5857 
1668114047622.4778 
1668114047655.3616 
1668114047688.2373 
1668114047721.1047 
1668114047753.963 
1668114047786.814 
1668114047819.6567 
1668114047852.4915 
1668114047885.3179 
1668114047918.136 
1668114047950.946 
1668114047983.748 
1668114048049.327 
1668114048082.1042 
1668114048114.8733 
1668114048147.634 
1668114048180.3857 
1668114048213.1367 
1668114048246.2305 
1668114048279.3198 
1668114048312.4048 
1668114048345.485 
1668114048378.5608 
1668114048411.6323 
1668114048444.6992 
1668114048477.7615 
1668114048510.8196 
1668114048543.8728 
1668114048576.9219 
1668114048609.9663 
1668114048643.0054 
1668114048676.0408 
1668114048709.0718 
1668114048742.0984 
1668114048775.1206 
1668114048808.1382 
1668114048841.1511 
1668114048874.16 
1668114048907.164 
1668114048940.1636 
1668114048973.1587 
1668114049006.1494 
1668114049039.1357 
1668114049072.1165 
1668114049105.0938 
1668114049138.0664 
1668114049171.0347 
1668114049204.0024 
1668114049237.1777 
1668114049270.3506 
1668114049303.521 
1668114049336.6892 
1668114049369.855 
1668114049403.0186 
1668114049436.1794 
1668114049469.3381 
1668114049502.4934 
1668114049535.6475 
1668114049568.7988 
1668114049601.948 
1668114049635.095 
1668114049668.2393 
1668114049701.3813 
1668114049734.521 
1668114049767.6584 
1668114049800.7935 
1668114049833.926 
1668114049867.0562 
1668114049900.1838 
1668114049933.3093 
1668114049966.4314 
1668114049999.5522 
1668114050032.6704 
1668114050065.7864 
1668114050098.9001 
1668114050132.0112 
1668114050165.12 
1668114050198.2288 
1668114050231.4502 
1668114050264.6704 
1668114050297.8892 
1668114050331.1067 
1668114050364.3225 
1668114050397.5361 
1668114050430.7495 
1668114050463.9614 
1668114050497.1719 
